1  1 2 3 5 4 7 6
2  1 2 4 3 6 7 5
3  1 2 5 6 3 7 4
4  1 2 7 6 4 5 3
5  1 3 4 2 6 5 7
6  1 3 7 2 4 5 6
7  1 3 7 6 5 4 2
8  1 4 5 3 2 7 6
9  1 4 5 6 7 2 3
10 1 4 7 6 3 2 5
11 1 6 5 2 4 7 3
12 1 6 7 3 4 5 2
13 1 7 5 2 3 6 4
14 2 1 6 4 3 5 7
15 2 1 7 5 4 6 3
16 2 3 4 5 1 6 7
17 2 3 6 1 5 7 4
18 2 3 7 1 4 6 5
19 2 3 7 5 6 4 1
20 2 4 1 5 7 3 6
21 2 4 6 5 3 7 1
22 2 5 6 1 4 7 3
23 2 6 7 3 5 1 4
24 3 1 5 4 6 2 7
25 3 1 6 7 2 5 4
26 3 2 4 7 6 1 5
27 3 2 5 1 7 6 4
28 3 4 1 2 7 5 6
29 3 4 6 7 5 2 1
30 3 5 2 7 4 1 6
31 3 5 6 7 1 4 2
32 4 2 5 7 1 6 3
33 4 2 6 1 3 7 5
34 4 3 5 7 2 6 1
35 4 6 2 7 3 1 5
36 5 7 6 4 1 3 2
37 4 7 5 3 6 1 2
38 6 5 7 1 2 3 4
39 7 3 6 4 2 1 5
40 7 6 2 4 3 5 1
41 7 4 5 6 3 2 1
42 5 3 7 6 2 1 4
43 5 4 7 3 2 1 6
44 7 4 3 1 2 6 5
45 6 4 5 2 3 1 7
46 6 2 5 4 1 3 7
47 6 3 7 4 2 5 1
48 5 3 2 6 4 1 7
49 5 3 1 7 4 2 6
50 6 7 2 1 4 5 3
51 6 4 1 7 2 3 5
52 5 6 2 3 4 7 1
53 6 4 3 7 1 5 2
54 7 2 5 1 3 4 6
55 7 4 6 1 5 2 3
56 6 1 5 3 4 7 2
57 7 1 3 5 6 2 4
58 4 6 5 1 7 3 2
59 7 5 1 6 4 2 3
60 5 4 1 2 6 7 3
61 6 3 1 2 4 5 7
