# PA(8,4) — Ulam metric
# Total permutations = 40
# First 10 = initial reference permutations
# Next 30 = found by max clique

1  1 6 2 7 8 3 4 5
2  1 2 3 5 4 6 7 8
3  1 2 4 3 8 7 6 5
4  1 2 6 5 8 7 4 3
5  1 3 6 4 8 2 5 7
6  1 3 7 2 8 5 6 4
7  1 4 5 2 7 6 3 8
8  1 4 5 8 3 6 7 2
9  1 7 5 3 8 4 2 6
10 1 8 6 5 3 2 4 7

11 8 5 7 4 6 2 3 1
12 6 3 8 4 7 1 5 2
13 4 7 8 6 3 5 1 2
14 4 7 3 6 2 1 8 5
15 6 3 2 5 7 4 1 8
16 5 2 4 7 1 8 3 6
17 6 7 2 1 3 5 8 4
18 2 6 7 5 3 1 4 8
19 8 2 5 1 6 4 7 3
20 3 5 4 8 1 7 2 6
21 7 5 6 4 1 2 3 8
22 8 6 1 7 4 3 2 5
23 5 2 3 8 6 1 4 7
24 8 3 2 7 6 1 5 4
25 5 7 3 2 6 8 4 1
26 7 8 2 4 5 3 6 1
27 2 8 4 1 5 6 3 7
28 4 2 6 8 3 1 7 5
29 3 6 2 4 7 5 8 1
30 6 8 5 1 2 3 7 4
31 2 1 7 4 6 8 5 3
32 4 3 8 5 2 6 7 1
33 5 6 3 1 7 8 2 4
34 3 7 1 8 4 6 2 5
35 4 2 5 3 7 8 1 6
36 5 8 7 1 6 3 4 2
37 4 6 1 5 7 2 8 3
38 7 4 3 1 5 6 8 2
39 7 6 5 4 8 3 2 1
40 3 4 5 1 6 2 8 7
